0 -6882.48 -8.164963 -3.384680 2548.591717 -2.03925 -0.002419 -0.001003 0.755138 0.026000 0.029102 0.595205
1 -6873.1 -10.067927 -5.688755 2546.973654 -2.03647 -0.002983 -0.001686 0.754659 0.026003 0.029078 0.594685
2 -6871.88 -9.815500 -8.073691 2546.307820 -2.03611 -0.002908 -0.002392 0.754462 0.026261 0.029040 0.594184
3 -6871.02 -12.881929 -6.490882 2545.585954 -2.03586 -0.003817 -0.001923 0.754248 0.026753 0.028730 0.593778
4 -6843.23 -20.455830 -4.603554 2536.979030 -2.02762 -0.006061 -0.001364 0.751697 0.027469 0.029336 0.591062
5 -6855.41 -24.571237 -4.638304 2540.265943 -2.03123 -0.007280 -0.001374 0.752671 0.027354 0.028985 0.592742
6 -6846.99 -14.591280 -12.726724 2538.903258 -2.02874 -0.004323 -0.003771 0.752268 0.027493 0.028884 0.591675
7 -6859.61 -7.857160 -14.315510 2542.303696 -2.03248 -0.002328 -0.004242 0.753275 0.026947 0.029181 0.592830
8 -6870.61 -7.396475 -11.923708 2544.784913 -2.03574 -0.002192 -0.003533 0.754010 0.027175 0.028988 0.593799
9 -6865.99 -7.126879 -6.762554 2544.449211 -2.03437 -0.002112 -0.002004 0.753911 0.027260 0.028376 0.593288
10 -6853.25 -4.166373 -6.954201 2541.660644 -2.03059 -0.001234 -0.002061 0.753085 0.027212 0.028890 0.592572
11 -6851.76 -8.015904 7.134078 2541.510955 -2.03015 -0.002375 0.002114 0.753040 0.026869 0.029051 0.592673
12 -6863.88 -3.061431 10.518823 2544.499397 -2.03374 -0.000907 0.003117 0.753926 0.025898 0.029590 0.593613
13 -6860.62 -1.150036 3.801809 2543.565153 -2.03278 -0.000341 0.001126 0.753649 0.026726 0.029244 0.593407
14 -6842.24 -6.090278 9.207759 2539.228816 -2.02733 -0.001805 0.002728 0.752364 0.027380 0.029268 0.593022
15 -6867.04 -6.073751 1.796914 2543.092477 -2.03468 -0.001800 0.000532 0.753509 0.027199 0.028676 0.593828
16 -6873.59 -6.145858 1.794885 2545.729936 -2.03662 -0.001821 0.000532 0.754290 0.027234 0.027954 0.594870
17 -6864.95 -3.247218 -7.594396 2542.982076 -2.03406 -0.000962 -0.002250 0.753476 0.027056 0.028638 0.593640
18 -6863.66 -7.471177 -5.157496 2543.085373 -2.03368 -0.002214 -0.001528 0.753507 0.027441 0.028677 0.593058
19 -6872.39 -13.281947 -2.533018 2545.385105 -2.03626 -0.003935 -0.000751 0.754188 0.027418 0.028507 0.593956
20 -6868.45 -5.116151 -0.734943 2545.519211 -2.0351 -0.001516 -0.000218 0.754228 0.027918 0.028295 0.593694
21 -6884.22 0.726057 -6.028366 2549.900268 -2.03977 0.000215 -0.001786 0.755526 0.027432 0.027653 0.594600
22 -6890.28 -1.465636 -3.973487 2550.754954 -2.04156 -0.000434 -0.001177 0.755779 0.027146 0.027955 0.595069
23 -6881.59 4.381797 1.295303 2548.336576 -2.03899 0.001298 0.000384 0.755063 0.027209 0.028052 0.593988
24 -6865.16 5.030610 -9.552540 2543.459160 -2.03412 0.001491 -0.002830 0.753618 0.027328 0.028597 0.592483
25 -6875.73 4.328455 -1.177632 2546.032757 -2.03725 0.001283 -0.000349 0.754380 0.026941 0.028827 0.593650
26 -6871.81 0.827836 4.115285 2544.904018 -2.03609 0.000245 0.001219 0.754046 0.027745 0.028396 0.593504
27 -6876.59 4.272862 7.322208 2545.360571 -2.03751 0.001266 0.002170 0.754181 0.027718 0.028525 0.593767
28 -6881.07 7.168031 7.137532 2546.941670 -2.03884 0.002124 0.002115 0.754649 0.027036 0.028551 0.594376
29 -6894.98 10.338524 0.583910 2550.044690 -2.04296 0.003063 0.000173 0.755569 0.026803 0.028217 0.595492
30 -6892.65 10.052456 6.835362 2549.421910 -2.04227 0.002979 0.002025 0.755384 0.027381 0.027711 0.595720
31 -6877.86 9.940673 10.711827 2545.697915 -2.03789 0.002945 0.003174 0.754281 0.027489 0.027986 0.593932
32 -6869.28 6.607643 9.887295 2542.227034 -2.03534 0.001958 0.002930 0.753252 0.028072 0.027807 0.592998
33 -6860.68 2.872590 11.499260 2541.281282 -2.03279 0.000851 0.003407 0.752972 0.028057 0.028165 0.592216
34 -6862.53 8.170270 10.182384 2541.875176 -2.03334 0.002421 0.003017 0.753148 0.027842 0.028170 0.592293
35 -6854.97 6.015355 5.588468 2539.898512 -2.0311 0.001782 0.001656 0.752563 0.028244 0.028222 0.591719
36 -6863.7 11.239145 11.662039 2542.540527 -2.03369 0.003330 0.003455 0.753345 0.027249 0.028300 0.592710
37 -6857.33 12.763207 7.236928 2540.981453 -2.0318 0.003782 0.002144 0.752883 0.027355 0.028717 0.592261
38 -6852.35 10.361719 5.954650 2540.329957 -2.03033 0.003070 0.001764 0.752690 0.027713 0.028669 0.592085
39 -6863.07 14.761399 3.250523 2543.936548 -2.0335 0.004374 0.000963 0.753759 0.027613 0.028399 0.593191
40 -6854.45 14.224316 -1.254598 2542.354132 -2.03095 0.004215 -0.000372 0.753290 0.027629 0.028512 0.592519
41 -6844.45 12.272956 -4.273575 2540.209011 -2.02799 0.003636 -0.001266 0.752655 0.027603 0.028605 0.591537
42 -6841.25 15.741879 -1.170867 2538.469214 -2.02704 0.004664 -0.000347 0.752139 0.027335 0.029103 0.591029
43 -6821.03 21.421076 -3.858573 2533.597239 -2.02105 0.006347 -0.001143 0.750695 0.028283 0.029242 0.589637
44 -6833.92 23.053854 -12.002589 2537.178133 -2.02487 0.006831 -0.003556 0.751756 0.028380 0.028833 0.590844
45 -6834.15 25.021873 -7.853652 2537.237730 -2.02493 0.007414 -0.002327 0.751774 0.027616 0.029346 0.590478
46 -6840.38 16.590559 -16.080437 2538.227350 -2.02678 0.004916 -0.004765 0.752067 0.028076 0.028349 0.590936
47 -6838.01 14.098602 -5.483256 2537.181163 -2.02608 0.004177 -0.001625 0.751757 0.028499 0.028438 0.591053
48 -6839.36 6.028622 -7.636571 2537.521972 -2.02648 0.001786 -0.002263 0.751858 0.028992 0.028094 0.590803
49 -6837.19 13.667941 0.007174 2536.670619 -2.02584 0.004050 0.000002 0.751606 0.028798 0.028265 0.590169
50 -6838.06 12.780612 3.058045 2537.593636 -2.02609 0.003787 0.000906 0.751880 0.028664 0.028371 0.590579
51 -6839.58 12.514019 5.264505 2537.289289 -2.02654 0.003708 0.001560 0.751789 0.028304 0.028889 0.590399
52 -6836.3 5.798816 9.159025 2537.184042 -2.02557 0.001718 0.002714 0.751758 0.028824 0.028323 0.590562
53 -6823.51 10.286056 6.723814 2534.949663 -2.02178 0.003048 0.001992 0.751096 0.028988 0.028562 0.589821
54 -6844.01 15.625327 -2.280442 2538.912887 -2.02785 0.004630 -0.000676 0.752270 0.028333 0.028770 0.590970
55 -6847.69 15.759150 -2.425849 2539.768284 -2.02895 0.004669 -0.000719 0.752524 0.028670 0.028619 0.591449
56 -6871.11 9.310196 -2.585089 2545.334343 -2.03588 0.002759 -0.000766 0.754173 0.027937 0.028311 0.593370
57 -6872.1 12.797028 -7.274047 2545.799068 -2.03618 0.003792 -0.002155 0.754311 0.028451 0.027763 0.593790
58 -6866.78 5.978087 3.723195 2545.252982 -2.0346 0.001771 0.001103 0.754149 0.028263 0.027951 0.593747
59 -6867.2 1.871394 4.686977 2545.745711 -2.03472 0.000554 0.001389 0.754295 0.028493 0.027478 0.593792
60 -6863.31 6.198565 -3.172930 2543.709984 -2.03357 0.001837 -0.000940 0.753692 0.028782 0.027569 0.593247
61 -6849.42 6.533381 -3.257850 2540.212659 -2.02946 0.001936 -0.000965 0.752656 0.028960 0.027567 0.591734
62 -6836.14 -1.236396 -5.007475 2537.128377 -2.02552 -0.000366 -0.001484 0.751742 0.029130 0.027682 0.590489
63 -6834 10.672265 -4.860941 2537.655910 -2.02489 0.003162 -0.001440 0.751898 0.028893 0.028167 0.590904
64 -6829.66 6.332773 -1.520531 2537.405556 -2.0236 0.001876 -0.000451 0.751824 0.029063 0.028246 0.590416
65 -6830.19 5.397082 3.198951 2536.676506 -2.02376 0.001599 0.000948 0.751608 0.029059 0.027937 0.590352
66 -6820.22 1.094996 6.487242 2534.972391 -2.02081 0.000324 0.001922 0.751103 0.028931 0.028290 0.589956
67 -6803.95 2.011213 3.910496 2531.260712 -2.01598 0.000596 0.001159 0.750003 0.028794 0.028634 0.588645
68 -6823.06 0.261738 -2.727456 2535.152352 -2.02165 0.000078 -0.000808 0.751156 0.028737 0.028045 0.589616
69 -6808.62 -3.829737 -0.633387 2531.928644 -2.01737 -0.001135 -0.000188 0.750201 0.029123 0.028149 0.588387
70 -6819.13 6.025440 -3.334214 2532.255893 -2.02048 0.001785 -0.000988 0.750298 0.029255 0.028098 0.588598
71 -6822.61 5.699224 -2.021566 2534.184294 -2.02151 0.001689 -0.000599 0.750869 0.029164 0.027979 0.588951
72 -6825.93 11.023531 -3.349435 2534.080763 -2.0225 0.003266 -0.000992 0.750839 0.029565 0.028212 0.589036
73 -6825.69 3.558675 -8.363427 2535.052613 -2.02243 0.001054 -0.002478 0.751127 0.028994 0.028620 0.589602
74 -6827.34 3.357990 -10.480165 2535.025122 -2.02292 0.000995 -0.003105 0.751119 0.028723 0.028869 0.589502
75 -6838.42 4.192685 -11.505510 2537.380086 -2.0262 0.001242 -0.003409 0.751816 0.028205 0.028153 0.590007
76 -6836.19 1.521761 -17.487764 2536.438597 -2.02554 0.000451 -0.005182 0.751537 0.028341 0.028627 0.589971
77 -6833.97 2.740113 -12.445920 2536.745813 -2.02488 0.000812 -0.003688 0.751628 0.027640 0.029356 0.589891
78 -6846.17 9.358867 -13.116743 2539.558740 -2.02849 0.002773 -0.003886 0.752462 0.027445 0.028997 0.590652
79 -6856.78 9.365268 -3.684583 2542.957589 -2.03164 0.002775 -0.001092 0.753469 0.027053 0.028724 0.591800
80 -6844.05 11.538938 -2.342333 2539.410330 -2.02787 0.003419 -0.000694 0.752418 0.027995 0.028669 0.591114
81 -6829.82 5.930202 -8.552377 2535.493274 -2.02365 0.001757 -0.002534 0.751257 0.028223 0.028683 0.589156
82 -6810.81 0.568945 -8.554023 2531.743575 -2.01802 0.000169 -0.002535 0.750146 0.028113 0.029010 0.587604
83 -6801.96 0.376332 -5.676615 2528.826361 -2.0154 0.000112 -0.001682 0.749282 0.028439 0.029831 0.586924
84 -6802.97 -1.225605 1.120362 2528.419179 -2.01569 -0.000363 0.000332 0.749161 0.028610 0.029510 0.586529
85 -6783.22 -0.635915 -2.556129 2523.527305 -2.00984 -0.000188 -0.000757 0.747712 0.028320 0.030145 0.585030
86 -6795.64 -9.071966 -3.274855 2525.679055 -2.01352 -0.002688 -0.000970 0.748349 0.027431 0.030425 0.585683
87 -6808.54 1.565386 -11.356445 2530.147562 -2.01734 0.000464 -0.003365 0.749673 0.028363 0.028911 0.587222
88 -6792.94 3.372419 -20.362679 2526.575341 -2.01272 0.000999 -0.006033 0.748615 0.028574 0.029301 0.585895
89 -6787.04 0.562275 -20.585421 2524.329560 -2.01097 0.000167 -0.006099 0.747949 0.027709 0.030067 0.585152
90 -6776.68 6.304065 -22.079555 2522.028673 -2.00791 0.001868 -0.006542 0.747268 0.027742 0.030900 0.584969
91 -6771.25 -1.746043 -18.921650 2520.703278 -2.0063 -0.000517 -0.005606 0.746875 0.028676 0.030377 0.584372
92 -6758.29 3.164216 -18.585296 2518.565815 -2.00245 0.000938 -0.005507 0.746242 0.028997 0.030599 0.583725
93 -6756.78 10.271314 -24.502561 2517.702392 -2.00201 0.003043 -0.007260 0.745986 0.029638 0.030051 0.583607
94 -6764.29 7.442835 -30.362226 2519.689206 -2.00424 0.002205 -0.008996 0.746575 0.029382 0.029951 0.584074
95 -6784.3 2.510852 -22.921946 2524.549627 -2.01016 0.000744 -0.006792 0.748015 0.028794 0.029942 0.585506
96 -6784.01 -1.864792 -22.658162 2525.583358 -2.01008 -0.000553 -0.006714 0.748321 0.028231 0.029975 0.585656
97 -6789.12 0.943092 -19.348375 2526.030596 -2.01159 0.000279 -0.005733 0.748454 0.027811 0.030238 0.586540
98 -6786.16 -5.690880 -11.548209 2523.891683 -2.01071 -0.001686 -0.003422 0.747820 0.028153 0.030515 0.585592
99 -6799.15 -14.366297 -17.199215 2527.507582 -2.01456 -0.004257 -0.005096 0.748891 0.027790 0.030281 0.587190
100 -6800.33 -16.440801 -19.565105 2528.430434 -2.01491 -0.004871 -0.005797 0.749165 0.028478 0.029798 0.587521
101 -6800.05 -22.039309 -17.946880 2528.099929 -2.01483 -0.006530 -0.005318 0.749067 0.027690 0.029996 0.587172
102 -6804.96 -16.096084 -14.155291 2530.818375 -2.01628 -0.004769 -0.004194 0.749872 0.027686 0.029716 0.587887
103 -6794.74 -9.367073 -4.989490 2527.307422 -2.01326 -0.002775 -0.001478 0.748832 0.027669 0.029972 0.586592
104 -6821.2 0.200571 -7.921723 2533.129553 -2.0211 0.000059 -0.002347 0.750557 0.027293 0.029349 0.588891
105 -6824.88 -0.847660 -13.578328 2533.802611 -2.02219 -0.000251 -0.004023 0.750756 0.027454 0.029000 0.589319
106 -6841.56 4.923304 3.789515 2537.885836 -2.02713 0.001459 0.001123 0.751966 0.027650 0.028122 0.590352
107 -6840.21 13.212555 3.044563 2537.917235 -2.02673 0.003915 0.000902 0.751975 0.027877 0.028019 0.589966
108 -6830.09 9.748874 -1.424882 2535.233926 -2.02373 0.002889 -0.000422 0.751180 0.028197 0.028323 0.589092
109 -6836.47 4.693649 -11.987559 2537.066486 -2.02562 0.001391 -0.003552 0.751723 0.028133 0.028046 0.589426
110 -6829.62 4.157845 -12.276673 2536.263040 -2.02359 0.001232 -0.003638 0.751485 0.027930 0.028078 0.589076
111 -6825.47 5.892766 -13.021149 2535.053131 -2.02236 0.001746 -0.003858 0.751127 0.028116 0.028072 0.588631
112 -6829.95 -1.897768 -14.246945 2535.994780 -2.02369 -0.000562 -0.004221 0.751406 0.028437 0.027708 0.589049
113 -6826.17 -7.550499 -11.354786 2535.074238 -2.02257 -0.002237 -0.003364 0.751133 0.028738 0.027469 0.588750
114 -6836.93 0.278657 -5.885563 2538.351163 -2.02576 0.000083 -0.001744 0.752104 0.028279 0.027127 0.590191
115 -6848.04 -6.634396 -4.832918 2541.387378 -2.02905 -0.001966 -0.001432 0.753004 0.028410 0.027087 0.591190
116 -6839.21 3.658810 -0.235546 2539.958665 -2.02643 0.001084 -0.000070 0.752580 0.028410 0.027421 0.590680
117 -6833.04 16.465195 3.158007 2538.723539 -2.0246 0.004879 0.000936 0.752214 0.028657 0.027711 0.590595
118 -6822.71 11.480128 3.549509 2537.054304 -2.02154 0.003402 0.001052 0.751720 0.028524 0.028004 0.590068
119 -6825.94 2.368304 -4.451471 2536.822295 -2.0225 0.000702 -0.001319 0.751651 0.028965 0.027810 0.590315
120 -6834.78 8.528107 -2.414120 2538.705564 -2.02512 0.002527 -0.000715 0.752209 0.028303 0.028270 0.591074
121 -6828.2 10.341993 12.916549 2537.382765 -2.02317 0.003064 0.003827 0.751817 0.028920 0.028283 0.590765
122 -6826.48 1.792470 3.076191 2535.962295 -2.02266 0.000531 0.000911 0.751396 0.028268 0.028928 0.590396
123 -6845.04 0.345131 3.286815 2540.612905 -2.02816 0.000102 0.000974 0.752774 0.027993 0.028361 0.592049
124 -6832.56 0.943636 -1.119784 2536.174624 -2.02446 0.000280 -0.000332 0.751459 0.027954 0.029175 0.591003
125 -6822.15 4.909168 -3.326228 2533.483799 -2.02138 0.001455 -0.000986 0.750662 0.027933 0.029564 0.589886
126 -6832.78 6.300420 -12.529483 2536.153400 -2.02453 0.001867 -0.003712 0.751453 0.027797 0.029376 0.590903
127 -6860.26 8.200736 -15.855350 2542.387343 -2.03267 0.002430 -0.004698 0.753300 0.027690 0.028493 0.593048
128 -6850.81 11.718901 -19.060595 2539.848780 -2.02987 0.003472 -0.005648 0.752548 0.027417 0.029354 0.591954
129 -6853.68 6.825855 -24.636115 2540.966818 -2.03072 0.002022 -0.007300 0.752879 0.027164 0.028943 0.592314
130 -6855.34 13.647099 -25.976370 2541.375515 -2.03121 0.004044 -0.007697 0.753000 0.027337 0.028662 0.592417
131 -6841.18 2.719416 -31.420149 2536.631075 -2.02702 0.000806 -0.009310 0.751594 0.027549 0.029474 0.591090
132 -6832.4 1.035374 -25.966720 2533.894395 -2.02441 0.000307 -0.007694 0.750784 0.028472 0.029454 0.590526
133 -6854.36 2.954719 -20.357730 2539.740724 -2.03092 0.000875 -0.006032 0.752516 0.028254 0.028753 0.592393
134 -6862.3 1.966430 -18.220859 2541.856273 -2.03327 0.000583 -0.005399 0.753143 0.027625 0.029102 0.593121
135 -6857.81 5.866439 -13.491965 2541.425156 -2.03195 0.001738 -0.003998 0.753015 0.027944 0.028516 0.592511
136 -6857.15 2.709030 -10.435563 2540.921969 -2.03175 0.000803 -0.003092 0.752866 0.027823 0.028489 0.592516
137 -6865.69 1.672847 -8.290580 2542.472373 -2.03428 0.000496 -0.002456 0.753325 0.028618 0.027616 0.593006
138 -6862.74 0.332851 -3.544624 2542.063569 -2.0334 0.000099 -0.001050 0.753204 0.028522 0.027718 0.592596
139 -6883.18 10.261908 -4.215007 2547.948812 -2.03946 0.003041 -0.001249 0.754948 0.028138 0.027233 0.594650
140 -6871.68 13.654828 -3.095438 2545.394311 -2.03605 0.004046 -0.000917 0.754191 0.028253 0.027436 0.593814
141 -6865.19 12.448825 3.429047 2544.312126 -2.03413 0.003689 0.001016 0.753870 0.028373 0.027617 0.593277
142 -6876.27 10.617195 0.389753 2546.946747 -2.03741 0.003146 0.000115 0.754651 0.028546 0.026573 0.594250
143 -6864.08 11.825609 0.238724 2543.458251 -2.0338 0.003504 0.000071 0.753617 0.028612 0.026601 0.593255
144 -6867.6 7.051023 8.061091 2544.322664 -2.03484 0.002089 0.002388 0.753873 0.028064 0.026891 0.593369
145 -6854.51 10.527276 0.274879 2540.768472 -2.03097 0.003119 0.000081 0.752820 0.028626 0.027196 0.592681
146 -6860.13 16.383955 -8.550296 2542.671447 -2.03263 0.004855 -0.002533 0.753384 0.028366 0.027327 0.593067
147 -6852.69 17.102870 -9.375995 2540.733113 -2.03043 0.005068 -0.002778 0.752810 0.028557 0.027545 0.592286
148 -6860.49 14.792937 -6.637892 2542.028428 -2.03274 0.004383 -0.001967 0.753194 0.027939 0.028330 0.592973
149 -6848.38 16.116207 -3.571093 2539.480810 -2.02915 0.004775 -0.001058 0.752439 0.027613 0.028781 0.592061
150 -6856.82 25.540516 -0.634154 2542.556907 -2.03165 0.007568 -0.000188 0.753350 0.027575 0.028525 0.592794
151 -6858.19 16.106017 -0.129307 2540.516682 -2.03206 0.004772 -0.000038 0.752746 0.027829 0.028583 0.592292
152 -6854.24 16.747759 5.708119 2539.705508 -2.03089 0.004962 0.001691 0.752505 0.028087 0.028423 0.592301
153 -6843.87 17.195106 5.049517 2536.557550 -2.02781 0.005095 0.001496 0.751573 0.028357 0.028594 0.591233
154 -6842.91 22.617012 2.120513 2535.872193 -2.02753 0.006701 0.000628 0.751370 0.028206 0.028875 0.590753
155 -6853.55 25.028913 -2.411981 2537.807004 -2.03068 0.007416 -0.000715 0.751943 0.027860 0.029437 0.591298
156 -6847.42 28.810344 -6.291689 2536.942293 -2.02886 0.008536 -0.001864 0.751687 0.027833 0.029298 0.591045
157 -6855.15 26.500920 -1.246655 2539.411470 -2.03116 0.007852 -0.000369 0.752418 0.027900 0.028671 0.591827
158 -6858.32 33.020264 5.660745 2538.800031 -2.03209 0.009784 0.001677 0.752237 0.028383 0.028271 0.591431
159 -6872.67 30.027120 0.246758 2543.258818 -2.03635 0.008897 0.000073 0.753558 0.028474 0.027610 0.593373
160 -6862.84 22.400341 5.121468 2541.379929 -2.03344 0.006637 0.001517 0.753001 0.027951 0.028172 0.592849
161 -6865.45 16.309207 -2.964813 2541.792370 -2.03421 0.004832 -0.000878 0.753124 0.028375 0.027895 0.592552
162 -6848.74 17.753388 1.638096 2538.332566 -2.02926 0.005260 0.000485 0.752099 0.028355 0.028394 0.591329
163 -6832.26 11.684612 -8.395225 2535.088558 -2.02437 0.003462 -0.002487 0.751137 0.028208 0.029382 0.590484
164 -6834.28 15.832678 -11.940541 2535.672004 -2.02497 0.004691 -0.003538 0.751310 0.028095 0.029182 0.590241
165 -6824.31 23.402038 -17.341917 2532.550045 -2.02202 0.006934 -0.005138 0.750385 0.028296 0.029415 0.589164
166 -6830.07 20.766830 -19.188481 2534.373846 -2.02372 0.006153 -0.005685 0.750926 0.028553 0.028837 0.590112
167 -6837.36 16.259899 -14.156750 2535.341636 -2.02588 0.004818 -0.004195 0.751212 0.028073 0.029656 0.590209
168 -6842.58 10.213373 -11.444699 2536.114758 -2.02743 0.003026 -0.003391 0.751441 0.028916 0.029001 0.590603
169 -6834.92 14.431808 -11.282112 2534.826773 -2.02516 0.004276 -0.003343 0.751060 0.028546 0.029884 0.590411
170 -6847.97 8.578653 -11.626178 2538.714591 -2.02903 0.002542 -0.003445 0.752212 0.029017 0.028701 0.591913
171 -6839.64 9.116719 -5.057773 2537.448819 -2.02656 0.002701 -0.001499 0.751837 0.029138 0.028230 0.591552
172 -6827.89 4.856219 -6.660935 2534.018104 -2.02308 0.001439 -0.001974 0.750820 0.029627 0.028117 0.589976
173 -6831.59 3.914637 -3.977596 2534.641834 -2.02418 0.001160 -0.001179 0.751005 0.029184 0.028545 0.590419
174 -6834.03 4.041166 -12.124269 2534.547061 -2.0249 0.001197 -0.003592 0.750977 0.029502 0.028524 0.590569
175 -6829.93 7.849244 -8.493822 2533.536325 -2.02368 0.002326 -0.002517 0.750677 0.029531 0.028616 0.589960
176 -6824.94 15.335032 3.111664 2533.326401 -2.0222 0.004544 0.000922 0.750615 0.030069 0.027732 0.590236
177 -6797.51 18.693272 4.403436 2526.656731 -2.01408 0.005539 0.001305 0.748639 0.030634 0.027966 0.587959
178 -6815.2 15.370898 9.522409 2531.526536 -2.01932 0.004554 0.002821 0.750082 0.029665 0.028407 0.589401
179 -6833.3 15.798435 9.753619 2536.068159 -2.02468 0.004681 0.002890 0.751428 0.029937 0.027695 0.590681
180 -6811.05 14.762914 1.691202 2531.384148 -2.01809 0.004374 0.000501 0.750040 0.029862 0.027822 0.589399
181 -6819.04 9.850120 -4.158303 2533.441404 -2.02046 0.002919 -0.001232 0.750649 0.029540 0.027800 0.589613
182 -6818.1 7.342294 -5.476606 2533.424361 -2.02018 0.002175 -0.001623 0.750644 0.029022 0.028249 0.589784
183 -6817.75 2.208131 9.327989 2532.919294 -2.02007 0.000654 0.002764 0.750495 0.028735 0.028363 0.589137
184 -6817.74 4.314760 12.511647 2533.999590 -2.02007 0.001278 0.003707 0.750815 0.028667 0.028196 0.589409
185 -6817.44 11.931599 9.649406 2533.849652 -2.01998 0.003535 0.002859 0.750770 0.028340 0.028657 0.589217
186 -6837.14 9.687417 -1.376342 2539.105476 -2.02582 0.002870 -0.000408 0.752328 0.028192 0.027658 0.590640
187 -6840.61 6.400940 -7.527734 2539.298217 -2.02685 0.001897 -0.002230 0.752385 0.028198 0.027226 0.590767
188 -6832.23 -1.437758 -8.226340 2536.149459 -2.02437 -0.000426 -0.002437 0.751452 0.028328 0.028108 0.590125
189 -6820.76 3.038952 -10.640044 2533.952126 -2.02097 0.000900 -0.003153 0.750801 0.028674 0.028284 0.589567
190 -6812.06 2.223025 -16.608593 2530.892728 -2.01839 0.000659 -0.004921 0.749894 0.028510 0.028692 0.588515
191 -6824.16 -0.544094 -13.006338 2533.438904 -2.02197 -0.000161 -0.003854 0.750649 0.028095 0.028889 0.589620
192 -6829.96 -3.906012 -7.883843 2535.683334 -2.02369 -0.001157 -0.002336 0.751314 0.028474 0.028314 0.590349
193 -6814.69 5.120215 -3.001920 2532.518804 -2.01917 0.001517 -0.000889 0.750376 0.029375 0.028053 0.589188
194 -6795.31 8.011017 -5.662349 2527.918160 -2.01342 0.002374 -0.001678 0.749013 0.030005 0.028442 0.587255
195 -6781.67 8.295280 -8.594959 2524.098764 -2.00938 0.002458 -0.002547 0.747881 0.030691 0.028637 0.586238
196 -6799.92 10.759783 -9.820432 2527.112095 -2.01479 0.003188 -0.002910 0.748774 0.029843 0.028589 0.587007
197 -6807.62 15.629896 -9.909014 2530.161878 -2.01707 0.004631 -0.002936 0.749678 0.029549 0.028715 0.588161
198 -6813.85 10.719143 -11.372476 2529.768951 -2.01892 0.003176 -0.003370 0.749561 0.029948 0.028369 0.587998
199 -6810.77 8.331583 -1.309486 2529.843744 -2.01801 0.002469 -0.000388 0.749583 0.030469 0.027907 0.587848
200 -6811.12 16.144908 3.243930 2528.607279 -2.01811 0.004784 0.000961 0.749217 0.030288 0.028053 0.587397
201 -6810.92 26.150939 0.088503 2529.593535 -2.01805 0.007748 0.000026 0.749509 0.030520 0.028061 0.587932
202 -6796.71 23.145803 -5.702441 2526.554962 -2.01384 0.006858 -0.001690 0.748609 0.030850 0.027999 0.586933
203 -6804.26 16.033480 -1.231524 2529.028105 -2.01608 0.004751 -0.000365 0.749342 0.030542 0.028009 0.587723
204 -6816.13 9.821287 -6.142448 2530.716436 -2.01959 0.002910 -0.001820 0.749842 0.030717 0.027837 0.588946
205 -6820.54 7.777596 -3.507968 2531.761623 -2.0209 0.002304 -0.001039 0.750152 0.030711 0.027503 0.588974
206 -6832.27 5.552986 5.245748 2534.417115 -2.02438 0.001645 0.001554 0.750938 0.030772 0.026786 0.589596
207 -6829.9 8.619772 9.832814 2533.984508 -2.02367 0.002554 0.002913 0.750810 0.030497 0.026997 0.589910
208 -6803.49 6.269990 8.683338 2528.641118 -2.01585 0.001858 0.002573 0.749227 0.030391 0.027702 0.587865
209 -6810.74 3.128211 8.256754 2529.915829 -2.018 0.000927 0.002446 0.749605 0.030000 0.028473 0.588637
210 -6817.3 -0.366155 11.562538 2531.829457 -2.01994 -0.000108 0.003426 0.750172 0.029513 0.028375 0.589370
211 -6823.15 -1.119943 12.653536 2533.468388 -2.02167 -0.000332 0.003749 0.750657 0.029564 0.028070 0.589551
212 -6813.28 -1.385059 3.867062 2529.891200 -2.01875 -0.000410 0.001146 0.749597 0.030094 0.028004 0.588779
213 -6810.83 -5.236715 4.695982 2529.819509 -2.01802 -0.001552 0.001391 0.749576 0.029700 0.028482 0.588792
214 -6803.13 -3.158854 5.473384 2527.865801 -2.01574 -0.000936 0.001622 0.748997 0.030068 0.028758 0.588487
215 -6806.49 6.436016 4.299882 2530.026521 -2.01674 0.001907 0.001274 0.749637 0.029701 0.028804 0.589174
216 -6808.31 6.493855 6.634199 2531.040929 -2.01728 0.001924 0.001966 0.749938 0.029646 0.028371 0.588836
217 -6804.71 4.168689 3.812477 2529.848596 -2.01621 0.001235 0.001130 0.749585 0.029430 0.028958 0.588907
218 -6807.13 -1.284496 -0.828068 2529.798734 -2.01693 -0.000381 -0.000245 0.749570 0.029937 0.028428 0.589568
219 -6816.81 13.391072 3.381378 2531.599769 -2.0198 0.003968 0.001002 0.750104 0.030005 0.028052 0.590072
220 -6824.06 15.771097 2.218935 2533.422157 -2.02194 0.004673 0.000657 0.750644 0.029285 0.028321 0.589846
221 -6819.02 16.010146 -2.677079 2531.648186 -2.02045 0.004744 -0.000793 0.750118 0.029568 0.027697 0.588993
222 -6822.66 11.003833 -6.939450 2532.430109 -2.02153 0.003260 -0.002056 0.750350 0.029770 0.027870 0.589309
223 -6823.43 19.576365 4.038670 2532.361621 -2.02176 0.005800 0.001197 0.750329 0.029428 0.028120 0.589157
224 -6828.81 14.667861 -2.091244 2534.177674 -2.02335 0.004346 -0.000620 0.750867 0.028917 0.028204 0.589782
225 -6803.94 10.571374 -0.383140 2528.948012 -2.01598 0.003132 -0.000114 0.749318 0.029038 0.028665 0.588027
226 -6804.72 7.547101 1.193956 2529.752139 -2.01621 0.002236 0.000354 0.749556 0.029148 0.028385 0.588243
227 -6813.75 -3.219472 1.414022 2531.233247 -2.01889 -0.000954 0.000419 0.749995 0.029365 0.028234 0.589069
228 -6819.49 -3.235131 2.512115 2531.359453 -2.02059 -0.000959 0.000744 0.750032 0.029678 0.028152 0.589196
229 -6824.41 -4.326293 -0.398325 2533.052901 -2.02205 -0.001282 -0.000118 0.750534 0.030140 0.027728 0.589758
230 -6820.06 -1.867603 -2.876035 2532.769917 -2.02076 -0.000553 -0.000852 0.750450 0.029576 0.028291 0.589312
231 -6824.82 1.804099 -4.380353 2534.663605 -2.02217 0.000535 -0.001298 0.751011 0.029481 0.027647 0.589614
232 -6841.43 1.754678 -5.780015 2537.973317 -2.02709 0.000520 -0.001713 0.751992 0.028810 0.027786 0.590819
233 -6832.74 9.839560 -5.166011 2536.334411 -2.02452 0.002915 -0.001531 0.751506 0.028096 0.028585 0.590400
234 -6837.27 13.625215 -5.950178 2537.625106 -2.02586 0.004037 -0.001763 0.751889 0.028388 0.028282 0.590928
235 -6826.1 8.367803 -12.196514 2534.399252 -2.02255 0.002479 -0.003614 0.750933 0.028782 0.028362 0.589850
236 -6808.9 1.540154 -18.922874 2530.462478 -2.01745 0.000456 -0.005607 0.749767 0.029257 0.028433 0.588303
237 -6803.46 3.366911 -14.379126 2529.251656 -2.01584 0.000998 -0.004260 0.749408 0.028927 0.028616 0.587731
238 -6808.56 -1.324167 -17.573447 2528.836458 -2.01735 -0.000392 -0.005207 0.749285 0.028231 0.029902 0.588081
239 -6823.84 0.492040 -24.339649 2533.063788 -2.02188 0.000146 -0.007212 0.750537 0.028297 0.029181 0.589204
240 -6818.15 -8.885588 -20.487612 2531.982742 -2.02019 -0.002633 -0.006070 0.750217 0.027826 0.029613 0.588774
241 -6814.45 -0.774152 -16.801954 2532.328757 -2.0191 -0.000229 -0.004978 0.750320 0.027127 0.030091 0.589046
242 -6807.93 -1.481216 -9.497284 2530.156671 -2.01716 -0.000439 -0.002814 0.749676 0.028487 0.029611 0.588013
243 -6801.86 3.343395 -6.339780 2529.133900 -2.01536 0.000991 -0.001878 0.749373 0.028063 0.029530 0.587498
244 -6805.72 3.342330 -1.824537 2530.834538 -2.01651 0.000990 -0.000541 0.749877 0.028328 0.029093 0.588004
245 -6812.31 -0.265085 1.013879 2531.842410 -2.01846 -0.000079 0.000300 0.750176 0.028505 0.029018 0.588485
246 -6826.72 -5.185533 -0.502936 2534.907964 -2.02273 -0.001536 -0.000149 0.751084 0.028190 0.028765 0.589683
247 -6820.16 2.148505 -9.704274 2532.391501 -2.02079 0.000637 -0.002875 0.750338 0.028805 0.028606 0.588550
248 -6804.28 -6.371879 -13.728452 2528.377621 -2.01608 -0.001888 -0.004068 0.749149 0.029249 0.029261 0.587408
249 -6784.85 -3.718487 -24.495852 2524.159148 -2.01033 -0.001102 -0.007258 0.747899 0.029408 0.029397 0.586089
250 -6787.43 -4.954711 -18.619391 2525.127783 -2.01109 -0.001468 -0.005517 0.748186 0.029431 0.029238 0.586079
251 -6794.85 -6.629815 -9.575879 2525.422068 -2.01329 -0.001964 -0.002837 0.748273 0.028807 0.030050 0.586491
252 -6816.25 -0.031061 -12.850922 2530.743710 -2.01963 -0.000009 -0.003808 0.749850 0.028469 0.029316 0.588100
253 -6814.63 1.813373 -21.527884 2531.581650 -2.01915 0.000537 -0.006379 0.750098 0.029179 0.028416 0.588158
254 -6819.85 -5.733308 -9.853831 2532.859465 -2.0207 -0.001699 -0.002920 0.750477 0.028857 0.028301 0.588910
255 -6826.84 -6.009227 -14.937135 2533.257695 -2.02277 -0.001781 -0.004426 0.750595 0.029250 0.028204 0.589458
256 -6796.68 -12.757183 -18.571384 2526.086464 -2.01383 -0.003780 -0.005503 0.748470 0.030055 0.028136 0.586811
257 -6806.64 -8.410779 -18.465125 2528.213502 -2.01678 -0.002492 -0.005471 0.749100 0.030080 0.028087 0.587668
258 -6804.59 -11.603514 -14.648715 2529.429264 -2.01617 -0.003438 -0.004340 0.749461 0.029860 0.028377 0.587913
259 -6816.49 -4.944971 -11.784043 2532.327798 -2.0197 -0.001465 -0.003492 0.750319 0.029487 0.027961 0.588897
260 -6824.85 -2.183989 -12.729248 2533.876505 -2.02218 -0.000647 -0.003772 0.750778 0.029663 0.027598 0.589621
261 -6847.47 -7.042777 -20.522383 2540.154889 -2.02888 -0.002087 -0.006081 0.752638 0.028570 0.027559 0.591604
262 -6836.89 -9.822950 -25.778516 2537.228786 -2.02575 -0.002911 -0.007638 0.751771 0.028734 0.027740 0.591034
263 -6841.71 -14.735217 -20.166619 2539.201072 -2.02717 -0.004366 -0.005975 0.752356 0.029246 0.026800 0.591416
264 -6837.63 -8.761221 -23.196011 2538.154455 -2.02597 -0.002596 -0.006873 0.752046 0.029453 0.026903 0.591117
265 -6828.83 -7.887270 -20.607930 2536.470059 -2.02336 -0.002337 -0.006106 0.751547 0.029168 0.027101 0.590529
